1101
1206
1338
1712
1905
1067
102
1838
1367
652
751
1202
432
729
1738
1701
143
1170
27
494
947
588
1744
839
1202
1983
1350
970
248
1743
1717
709
1869
1117
37
303
123
186
9
358
1596
54
1351
1002
1819
140
190
827
257
1297
1150
1777
1255
488
1701
1012
351
25
712
450
261
149
182
1534
1395
410
1171
292
1822
597
1484
1764
528
1417
774
1709
445
92
98
1092
1448
819
1277
1299
91
349
1134
113
1080
1928
292
906
1085
1924
1533
1200
267
1346
341
946
872
509
1453
1608
1969
1459
1332
1160
977
1615
1862
1278
1536
499
1969
397
953
548
795
1444
1735
621
496
360
327
1000
498
445
461
1389
927
1796
352
1409
1562
358
727
291
465
969
1264
1306
1996
179
1971
279
1055
290
496
156
84
1277
1693
1510
1143
272
1921
1599
390
1427
202
1110
844
87
1112
854
1745
1565
1947
1920
597
56
848
323
341
1335
673
55
1231
18
365
208
227
1350
608
798
1065
694
1265
513
541
1151
454
1855
678
1680
166
870
1856
674
499
1215
1642
1681
1568
280
948
1197
1874
1992
1683
858
869
1992
1254
690
937
1738
193
595
596
233
1978
490
894
866
1730
1350
32
1243
809
111
1275
591
886
1996
764
1560
417
1300
1976
410
37
549
883
1484
1125
1135
170
132
2
1953
207
1927
1310
1763
388
562
1231
739
363
821
1112
976
88
1059
183
724
1603
1839
680
340
1006
1683
1217
30
360
1841
1519
544
1367
1062
895
1750
1307
705
1059
685
1256
721
355
888
1815
749
1291
541
88
1886
1732
337
203
1854
1295
376
92
1223
566
230
221
1027
850
381
1747
799
1939
314
498
1841
487
1669
551
791
983
868
618
1993
1580
1209
351
174
1906
50
580
1146
45
1089
1158
536
1845
1987
546
1716
333
1590
1184
126
1003
1282
1660
833
200
488
654
1890
809
193
388
828
1586
584
1086
1493
1852
1168
495
1225
927
1441
190
1772
614
918
1936
604
1873
1131
1253
1283
1706
1780
1862
129
1364
1895
1144
566
1049
1045
192
1996
807
1668
1912
876
870
1888
1475
138
1858
135
1568
1806
1699
1109
1831
1944
1042
1868
879
1999
1460
1589
585
776
854
483
1652
531
781
822
1273
829
1645
262
1279
16
552
359
1231
516
768
642
295
130
329
1433
222
1091
1331
411
226
1254
1544
1279
87
746
1880
1368
1224
354
757
1447
46
1815
47
775
96
1353
1887
496
1867
426
917
337
1368
1197
587
1742
215
816
1376
1429
1652
882
1807
383
1531
774
18
1059
796
462
1270
1470
1149
1245
778
1768
729
857
1284
386
1539
534
236
1343
940
1524
1860
90
897
555
1112
957
296
995
1254
453
897
376
1851
1680
1826
594
154
276
1109
1101
1200
789
1425
668
327
867
1544
383
1044
1168
136
1881
1781
1321
270
1450
1158
1837
447
1035
705
631
108
756
1451
1050
1724
867
1108
106
1491
990
595
1326
1235
933
1550
54
1456
199
380
1488
1803
1083
1854
1924
602
853
893
156
902
1308
23
1798
1979
136
1716
281
1403
818
1643
386
1858
1799
121
415
1729
1038
830
1302
1868
758
939
1493
1986
664
8
9
393
608
878
1583
1404
73
368
1562
171
581
1510
423
475
752
1103
1038
1947
828
770
1824
532
679
764
514
1067
406
56
159
1314
565
1104
576
1913
716
1698
1299
1397
1444
150
1696
1072
1834
380
1719
1165
691
326
1214
612
1523
656
1701
1097
489
979
1044
1605
1181
1424
554
1622
844
208
1432
1657
1959
1919
1613
1970
1713
1140
805
744
1546
289
1706
1920
793
901
403
883
333
579
1006
1387
93
1169
1114
74
1012
1323
471
1342
1372
941
1504
1030
704
344
735
1880
410
464
275
1769
1807
1753
1885
1180
1118
1772
1824
153
764
889
143
126
324
1125
1597
158
826
838
583
1516
713
1788
936
921
973
403
321
663
194
484
1609
1071
89
1125
101
638
1995
700
1857
1295
616
973
385
1426
465
37
1767
114
1889
1268
1851
999
1755
783
193
1198
1253
776
420
1405
160
212
1879
1037
550
1399
1388
1704
493
975
241
1744
1790
532
221
1925
266
1914
1074
437
577
380
206
222
827
1380
959
704
1962
627
1185
1137
33
1384
276
315
568
323
1920
292
1385
1322
1161
1237
1331
1077
1112
967
1994
543
1317
1585
187
1452
763
339
1688
129
904
1961
241
712
307
1016
1475
1044